20190715151619: 1937158, 246824, 225399, 215384, 217780, 251753, 208540, 208250, 200953, 215269, 215529, 201819, 188383, 252927, 197573, 205078, 169710, 181831, 198536, 219641, 250552, 184418, 215573, 208505, 174404, 193558, 207304, 179168, 345834, 225620, 213108, 206715, 215456, 193961, 223026, 197678, 251521, 184878, 181952, 189045, 206436, 204126, 185736, 184315, 
20190715151850: 394169, 354314, 326278, 245212, 191291, 223677, 179549, 184498, 142705, 187994, 235241, 180418, 193691, 141657, 228836, 200302, 160437, 188980, 229010, 206228, 172874, 175314, 162573, 160706, 183011, 206880, 195035, 191266, 248599, 251359, 176948, 194136, 157600, 169078, 193780, 188681, 164467, 256096, 176891, 193850, 186369, 192301, 199845, 176869, 
20190715152428: 9780542, 239258, 204884, 190111, 189049, 197249, 220115, 175130, 188821, 192073, 210252, 171061, 176472, 188395, 197417, 192164, 217493, 185258, 173830, 185262, 181438, 197120, 193770, 186221, 183775, 203854, 146216, 187805, 192188, 202988, 223866, 178239, 159937, 171350, 180215, 206490, 207835, 162920, 199302, 190991, 
20190715152652: 9172796, 275761, 211233, 203972, 286162, 208546, 201558, 242530, 243939, 195800, 196837, 252035, 327411, 210060, 209481, 235251, 262801, 186770, 199483, 252359, 181448, 222765, 240332, 249297, 385076, 210911, 229445, 211091, 235299, 192231, 241048, 242303, 194044, 230038, 200580, 216994, 208604, 
20190715152905: 3824318, 194375, 198578, 177845, 266463, 338828, 231795, 185890, 192148, 184634, 243295, 183755, 227632, 214068, 329122, 240420, 177127, 179257, 288901, 215306, 345798, 313040, 254111, 273863, 250705, 402476, 257565, 324236, 221073, 233546, 394911, 256514, 313980, 267874, 301423, 276191, 403696, 280288, 244239, 241120, 226440, 
20190715153113: 3169804, 221375, 194432, 174891, 179105, 218150, 175533, 199114, 169271, 190789, 218184, 193939, 242303, 183307, 181765, 220631, 188020, 252735, 167014, 198728, 197876, 198497, 207623, 209971, 240947, 201497, 206539, 190508, 216970, 180714, 280442, 206894, 258217, 205107, 277105, 208004, 201365, 235610, 182508, 
20190715154159: 11187448, 275799, 233790, 232681, 243393, 271968, 217959, 212915, 214583, 254876, 242976, 229084, 199832, 277152, 215889, 204783, 216066, 191662, 239250, 240064, 202276, 283974, 191688, 231231, 289082, 224711, 203184, 203358, 335060, 234675, 218073, 426563, 216514, 200844, 225240, 205637, 193115, 213509, 185394, 185014, 
20190715154413: 14600533, 167600, 222927, 177871, 172624, 249035, 158417, 174977, 172871, 170337, 174330, 164030, 160026, 203981, 179724, 162188, 177910, 160341, 174237, 171229, 176295, 161507, 153143, 165020, 159901, 147590, 195464, 156273, 164800, 187811, 187292, 221020, 172861, 156666, 152191, 204761, 188893, 156922, 184641, 157883, 
20190715154621: 3255128, 197411, 213023, 232769, 191787, 178604, 216833, 198419, 217859, 198661, 221238, 207392, 188944, 232432, 207625, 232556, 205727, 191244, 176839, 168879, 148424, 173442, 213220, 191480, 188125, 156406, 184086, 181296, 261980, 179273, 192284, 241833, 163571, 191949, 188024, 184681, 206289, 181953, 186023, 228910, 188372, 164176, 215343, 185148, 
20190715154832: 8297431, 274350, 274225, 312815, 198443, 228269, 204818, 351328, 208311, 205307, 231338, 205176, 190128, 197078, 248664, 201086, 219615, 386733, 256924, 183877, 256629, 206854, 198518, 195936, 234745, 204623, 255500, 229640, 198508, 158420, 199668, 211098, 242804, 229211, 190848, 193227, 192162, 221596, 182348, 199227, 225798, 
20190715155043: 5820775, 187549, 158480, 137907, 147181, 158118, 145790, 145879, 170279, 163899, 216986, 181427, 179044, 155633, 177864, 140055, 152885, 185384, 155692, 162744, 157893, 165856, 202737, 156980, 203496, 150310, 173139, 167467, 184420, 183590, 226023, 173187, 171946, 193625, 189560, 179018, 180819, 231590, 186522, 203207, 182011, 208054, 198179, 
20190715155307: 665260, 270668, 194416, 276626, 216204, 203442, 282655, 237962, 236491, 214765, 213015, 226710, 168526, 177966, 233863, 245915, 238301, 205098, 185977, 196565, 197379, 267115, 613407, 180861, 182484, 193207, 192181, 195436, 190820, 194135, 188312, 236206, 279062, 225694, 215061, 291675, 254296, 260821, 331297, 191232, 210420, 309072, 390790, 278688, 217058, 
